7788
232
228
224
224
224
224
228
224
228
224
224
224
236
224
228
228
224
228
228
228
224
224
224
224
224
228
220
344
224
228
228
228
224
224
224
228
228
368
224
224
224
228
224
228
224
224
228
616
228
224
228
224
224
224
224
228
228
660
224
224
224
224
224
228
228
224
224
880
224
228
224
228
228
224
224
228
224
716
224
228
224
228
228
224
224
228
224
884
224
224
224
236
224
228
224
224
224
228
228
228
224
228
224
224
232
224
232
228
228
228
224
224
224
224
224
228
228
224
228
228
224
224
224
224
224
224
224
224
228
228
228
224
224
224
228
224
268
224
228
224
228
224
224
224
224
224
828
224
228
224
224
224
228
228
224
228
740
224
220
224
228
232
224
224
224
228
828
228
224
224
232
224
228
224
224
228
224
224
224
224
224
228
220
228
224
224
228
224
224
224
224
224
224
220
228
224
224
224
228
224
228
220
224
224
228
224
228
228
224
228
224
224
220
228
220
280
224
228
224
224
224
224
224
224
224
688
224
224
224
224
228
224
224
224
228
704
224
224
224
224
224
224
228
224
224
872
224
224
224
232
224
228
224
224
224
224
228
224
228
224
224
224
228
224
228
228
224
224
224
224
224
220
228
224
228
228
224
224
228
228
224
224
224
228
228
224
228
228
228
224
228
224
224
228
224
224
224
224
224
224
220
228
232
224
1084
228
224
224
228
224
224
224
224
228
764
224
224
224
228
228
224
224
224
224
812
224
228
224
224
228
224
224
224
228
500
228
224
224
224
228
224
228
228
224
656
224
220
224
224
224
224
220
228
228
228
228
224
228
224
224
224
224
228
224
224
228
224
224
228
224
228
224
224
228
228
228
224
224
228
224
224
224
220
228
228
224
228
224
224
224
228
228
228
228
228
224
224
224
220
224
228
224
228
224
224
816
236
224
224
224
224
224
224
224
228
224
228
228
224
224
224
224
228
224
224
224
224
224
224
228
224
224
224
224
224
228
228
228
224
228
224
228
224
224
228
224
224
224
228
228
224
228
224
228
228
220
224
224
224
224
228
224
228
224
228
224
224
224
224
224
224
224
228
224
228
224
228
224
224
224
224
224
228
228
224
232
224
224
224
224
228
224
228
224
224
224
228
224
228
224
228
224
228
228
228
224
228
224
224
228
224
224
224
228
224
228
228
224
224
224
224
228
224
224
224
228
224
228
224
224
224
224
224
224
520
224
224
224
228
224
224
228
224
228
972
224
224
224
228
220
224
224
228
220
928
228
228
224
228
224
224
224
224
224
804
228
224
228
228
224
224
224
224
224
728
228
224
224
228
224
228
228
224
224
980
228
224
228
228
228
224
224
228
224
224
224
228
224
224
224
228
224
224
228
224
220
224
228
228
228
228
224
220
224
224
224
224
224
224
224
224
224
224
224
224
232
224
228
228
224
224
224
224
224
224
540
224
228
224
224
224
224
236
224
224
224
224
224
228
224
228
228
224
224
224
224
224
224
228
224
224
224
224
224
552
228
228
224
224
228
224
224
224
224
224
224
228
224
224
224
228
228
224
224
224
224
228
232
224
228
224
224
224
224
224
228
228
224
224
228
224
224
224
224
228
224
224
224
224
224
228
224
224
228
228
500
224
224
220
224
224
236
224
228
224
228
224
228
228
224
228
228
228
228
228
224
224
224
224
228
224
228
228
224
540
224
224
228
228
224
224
224
224
224
944
228
224
228
228
224
228
224
228
228
872
224
224
224
228
228
228
228
228
228
920
224
224
224
224
224
224
224
228
224
876
224
228
224
224
224
224
224
224
224
864
224
224
224
228
228
236
224
224
224
228
224
224
228
224
224
224
224
224
224
224
224
228
224
228
224
224
224
224
624
224
224
228
228
224
228
228
228
228
844
228
224
228
228
224
228
224
228
228
936
228
224
224
224
228
224
228
224
228
932
228
228
224
228
228
224
228
228
224
940
224
228
220
224
224
224
224
224
228
784
228
228
224
224
228
236
224
228
224
224
224
224
228
224
228
224
224
228
224
228
228
224
224
228
228
224
228
228
296
228
228
228
224
224
224
224
228
224
908
224
228
224
228
224
224
228
224
224
900
224
220
224
224
228
228
224
228
228
916
224
228
224
224
224
228
228
224
224
876
228
220
224
224
228
228
228
224
224
848
224
224
228
224
232
228
228
224
228
224
224
228
224
224
228
228
228
228
224
228
228
228
224
228
224
224
224
220
224
228
228
228
224
224
224
224
224
228
552
224
224
228
220
224
224
228
224
224
1008
228
224
224
220
224
224
224
224
228
812
224
224
224
224
228
224
228
228
228
924
224
228
228
224
224
224
228
224
224
924
224
228
232
224
236
224
224
228
224
224
228
224
224
224
228
228
224
224
228
228
228
224
224
228
228
224
228
224
592
228
220
220
228
228
228
224
224
224
936
224
228
224
224
224
228
224
224
224
908
228
228
224
228
224
224
224
228
228
224
228
224
228
228
224
224
228
228
224
224
228
228
224
228
224
224
224
224
224
228
220
224
228
224
232
228
224
224
224
228
224
228
224
224
224
228
224
224
228
224
224
228
228
228
228
224
224
224
228
224
228
224
224
228
224
224
224
228
224
404
224
224
224
228
224
224
224
224
224
908
224
224
224
228
228
224
224
224
224
940
224
228
228
228
224
224
224
224
228
800
224
224
224
228
224
228
224
220
228
872
228
228
224
228
224
224
224
224
228
224
224
228
224
228
224
224
224
224
224
224
224
224
224
228
224
228
224
224
224
224
224
224
224
224
224
224
224
228
228
228
228
224
224
228
224
228
228
224
224
228
224
224
228
224
228
224
224
224
224
224
224
224
224
224
228
228
224
232
228
228
224
232
228
228
228
224
228
228
224
224
228
220
224
224
228
228
376
224
224
228
1088
224
260
352
224
308
228
236
228
296
252
284
264
384
360
284
224
224
228
224
232
236
224
224
228
232
224
228
228
232
228
228
592
244
224
264
304
332
224
224
252
232
228
228
224
252
224
268
264
256
224
224
224
228
224
352
228
912
352
228
228
224
276
224
236
236
1000
912
228
232
260
232
224
228
224
224
224
260
224
224
220
224
224
228
228
224
228
224
220
228
224
224
224
228
228
224
228
400
224
224
224
228
228
228
224
224
220
896
228
224
228
228
224
224
228
224
264
240
240
236
836
224
228
224
244
228
224
224
224
224
228
224
228
224
224
228
224
1068
224
228
224
224
228
224
224
224
260
832
260
228
228
224
224
224
244
224
224
224
224
248
228
224
224
224
224
232
224
228
228
232
224
224
224
220
224
228
224
228
224
224
228
224
232
228
228
224
228
224
1076
228
224
228
228
220
228
228
228
228
264
224
224
224
224
224
224
224
224
228
356
224
224
224
228
224
228
228
224
228
888
228
224
224
228
228
228
228
228
228
228
228
228
224
224
224
224
224
224
224
228
224
224
288
228
224
228
224
224
224
224
224
224
224
260
224
224
224
224
224
224
224
228
228
224
228
228
228
224
228
224
696
228
224
228
224
224
228
264
228
260
948
228
224
224
228
264
228
308
228
224
948
224
224
224
224
224
224
228
224
224
224
224
224
224
224
224
228
224
236
228
224
416
224
228
248
228
224
224
224
224
228
228
228
224
228
228
224
224
224
228
224
228
224
224
224
224
228
228
224
356
224
404
224
228
260
228
224
224
228
224
224
912
228
228
228
224
228
228
224
224
224
928
224
224
224
228
224
228
232
220
224
820
224
232
228
228
232
224
224
224
224
888
228
228
220
228
224
228
224
224
224
1000
224
228
228
224
224
228
224
224
228
224
228
224
228
228
224
224
224
224
228
224
224
224
224
224
224
224
224
224
224
228
228
228
220
228
224
220
224
224
224
224
224
224
224
228
224
228
228
224
228
224
224
568
224
228
228
228
228
224
224
224
228
672
228
228
224
224
224
224
228
228
1048
224
224
228
224
224
228
224
228
228
952
224
228
224
228
228
224
228
224
224
224
224
224
224
224
224
228
236
224
224
224
260
224
232
228
244
224
228
224
228
224
984
224
224
228
224
228
224
228
224
224
224
228
228
224
224
228
224
228
224
224
228
220
224
224
228
224
228
228
224
224
716
276
228
228
228
224
228
224
224
224
720
224
224
228
228
228
224
224
224
224
224
228
224
228
228
224
224
224
228
224
228
224
224
224
228
224
224
228
228
264
228
228
228
224
224
224
228
228
224
224
228
264
224
224
228
228
228
224
224
224
228
352
224
228
224
228
224
228
224
224
224
812
228
224
228
224
224
228
224
220
228
952
224
224
224
224
224
228
224
244
228
224
248
220
228
228
224
224
228
264
228
224
224
224
228
228
224
220
228
224
232
228
248
228
224
972
228
228
220
224
228
220
220
228
228
224
224
224
224
228
224
228
224
224
228
228
224
224
224
220
228
224
524
224
228
224
224
228
224
224
224
220
940
224
228
224
224
224
228
224
224
224
940
224
224
228
228
228
228
224
220
224
836
224
228
228
228
224
228
228
224
224
860
228
228
224
