135
228
210
231
294
231
231
231
231
210
231
231
228
234
231
231
228
228
231
231
231
210
246
207
228
231
228
210
228
234
228
228
207
228
231
228
231
210
207
210
210
207
243
207
213
228
228
231
231
228
228
228
660
210
210
210
207
207
231
231
228
231
231
228
231
231
228
231
228
210
207
207
207
261
207
231
231
228
228
231
228
207
210
231
210
231
231
231
231
210
228
228
231
216
210
210
231
228
231
228
231
228
213
207
228
231
207
231
231
231
228
228
243
210
231
228
210
228
231
228
228
228
441
207
228
228
228
228
228
228
231
228
987
207
210
210
210
207
210
210
210
210
1032
207
207
228
228
231
207
207
228
207
1023
231
231
228
231
231
207
228
207
207
915
207
231
228
210
210
231
231
228
231
966
276
231
228
228
228
210
207
207
234
228
231
228
228
231
231
231
207
207
261
207
228
231
231
231
228
228
231
207
210
219
210
210
228
231
231
228
210
210
231
207
231
231
231
231
231
231
228
228
228
231
210
210
231
231
228
231
210
228
231
258
231
228
228
231
228
231
210
207
210
474
207
207
231
228
231
231
231
228
228
951
210
237
210
231
207
231
210
231
276
207
228
228
231
231
231
231
210
213
207
231
207
231
231
231
231
228
231
231
231
252
231
228
207
231
231
231
231
228
231
231
228
231
231
207
207
228
207
207
210
231
207
228
228
231
231
228
210
207
210
510
207
207
207
207
210
231
231
228
231
1005
210
228
210
207
207
210
207
210
231
975
207
231
207
207
207
210
231
231
231
228
228
228
234
207
207
231
228
231
231
231
231
210
228
228
231
228
231
231
228
228
231
231
231
228
231
231
210
228
228
228
246
231
231
231
231
210
231
231
231
231
750
210
231
231
207
207
231
231
231
228
981
210
207
228
210
210
210
231
228
231
1011
210
228
207
210
207
228
228
228
228
915
234
228
231
231
231
228
231
231
276
207
231
231
228
210
207
231
231
231
252
231
231
228
228
231
210
207
207
231
744
231
231
210
228
231
210
228
231
231
1017
207
231
207
231
231
231
231
210
231
894
210
207
228
210
231
228
228
231
228
957
207
207
207
231
228
231
231
210
207
906
228
228
210
231
228
228
231
228
231
969
210
210
234
228
231
210
231
228
240
210
228
228
231
210
228
228
207
228
759
210
210
231
231
231
210
207
228
231
231
234
228
228
231
231
228
228
231
231
228
210
207
207
228
207
231
207
231
231
228
246
231
228
210
231
228
207
231
228
231
243
231
231
231
228
231
228
231
231
207
759
207
207
210
207
207
228
228
231
210
1026
207
207
231
231
231
231
210
231
228
963
210
231
207
231
210
210
210
231
231
1017
210
228
210
207
231
231
210
210
210
891
231
228
210
234
210
228
228
210
231
987
231
210
231
210
207
231
228
231
231
1002
207
207
231
210
231
228
231
231
231
951
210
210
207
228
231
228
228
231
231
918
210
231
210
231
228
231
228
231
228
969
207
210
234
210
207
231
228
228
228
231
228
231
216
210
207
207
231
231
627
210
231
210
228
231
231
231
210
231
1023
228
228
207
207
207
231
231
228
231
210
249
231
228
210
228
228
228
207
210
207
234
210
231
231
231
231
231
231
210
228
228
207
228
231
231
231
228
210
210
231
246
231
228
228
210
231
210
231
231
231
552
210
228
210
237
210
231
261
228
252
210
228
231
210
207
207
231
210
231
516
207
228
210
231
231
207
228
231
228
987
207
210
210
210
207
231
231
207
231
1023
207
210
210
210
231
207
231
231
231
897
210
210
207
210
207
210
231
207
231
1002
210
207
231
228
207
210
228
231
228
957
207
210
207
231
231
210
228
207
210
984
210
210
231
231
234
210
228
207
330
231
231
228
228
228
228
231
228
228
207
318
231
231
231
231
231
231
207
207
210
234
210
228
207
231
210
228
231
231
231
243
231
231
207
207
210
210
231
231
228
240
231
228
210
207
228
231
231
228
231
300
210
210
210
231
228
228
210
231
231
843
231
228
228
207
231
231
231
231
231
999
228
231
228
231
213
228
210
228
231
231
228
231
228
228
210
207
231
228
747
210
231
210
228
231
231
231
228
231
975
261
210
231
231
207
231
231
228
231
978
258
231
210
228
210
261
207
207
210
1032
264
210
207
210
231
228
231
231
228
951
210
207
207
231
231
210
231
228
231
978
207
207
210
210
207
228
228
207
231
975
207
210
210
210
231
228
237
207
219
207
210
228
228
228
261
207
231
207
615
231
210
228
207
207
210
231
228
231
228
228
228
228
228
228
228
228
228
231
228
234
231
228
228
228
231
210
207
210
210
264
207
210
228
210
231
231
228
228
207
219
228
231
207
210
231
207
228
231
231
690
210
228
210
228
231
228
228
231
231
993
210
210
228
210
228
231
237
207
324
228
231
228
231
261
228
210
228
207
735
207
231
210
231
207
231
228
231
231
981
210
228
231
231
231
231
228
207
207
1041
210
210
207
231
207
210
231
231
210
1029
210
210
231
207
231
231
228
228
231
972
210
231
207
210
231
228
228
228
228
867
210
210
207
231
210
231
231
231
210
915
210
207
231
228
228
210
207
216
333
228
228
228
231
207
228
228
228
231
735
210
210
207
207
207
231
207
231
231
915
210
207
228
231
228
231
210
231
231
1047
210
231
210
210
231
228
228
228
228
990
210
231
231
231
228
231
231
231
228
1017
210
207
207
231
207
228
210
231
228
1023
210
207
231
231
228
231
231
210
207
1023
210
210
210
207
207
207
231
231
228
207
333
231
228
231
231
228
231
231
231
228
333
231
228
228
231
210
207
210
231
231
228
231
231
231
231
228
228
231
231
231
237
228
228
228
231
231
210
210
231
207
759
231
231
231
210
231
210
228
228
231
993
231
228
231
207
210
207
210
210
231
1026
210
207
210
231
387
207
207
207
231
207
228
56766
231
243
249
222
228
222
225
261
261
729
237
225
234
291
231
321
225
216
231
357
222
234
228
237
216
264
219
243
384
228
228
222
261
222
222
225
225
222
216
372
300
339
222
225
225
228
216
225
228
261
213
207
204
234
204
204
231
231
207
204
231
237
231
648
204
327
252
231
282
348
222
225
225
216
237
222
222
261
225
228
231
228
270
231
210
231
231
210
228
231
231
231
222
216
225
222
225
222
222
234
216
225
225
225
231
228
231
264
228
228
1038
210
264
207
210
210
231
228
231
273
234
228
210
249
285
228
261
231
231
1071
222
207
228
234
252
231
231
207
231
255
228
243
255
231
234
234
231
228
231
228
237
210
231
249
234
231
207
231
231
282
231
228
210
240
240
231
228
228
240
981
231
210
234
228
228
234
231
207
231
330
231
210
210
234
228
228
228
231
231
207
210
207
276
231
210
234
228
228
234
504
231
231
231
228
228
231
207
231
231
255
231
210
210
231
231
231
228
210
231
231
207
210
234
231
231
231
231
231
231
225
225
222
225
225
216
225
225
261
228
225
270
276
435
261
261
222
216
222
255
357
270
222
225
222
225
216
228
225
222
225
360
264
225
228
228
231
237
300
243
228
216
276
282
261
261
294
225
264
234
231
225
225
237
222
264
228
225
222
234
252
363
222
252
216
216
225
264
270
231
219
225
969
246
225
228
273
513
222
1032
225
273
225
225
225
225
225
228
216
618
222
225
222
237
222
225
225
225
270
330
225
222
225
222
225
225
228
468
252
342
225
228
240
225
294
240
228
945
228
906
225
225
240
225
225
225
240
216
216
267
222
225
228
219
216
222
216
240
222
225
228
639
228
225
222
222
240
228
225
225
225
222
225
216
258
216
225
222
225
321
225
363
267
222
222
219
225
222
225
222
225
231
225
228
225
276
216
216
222
228
327
216
216
225
231
231
225
222
228
225
567
222
222
222
222
225
216
228
228
1095
249
231
228
210
228
231
228
228
207
231
240
213
207
231
210
207
210
231
231
231
258
228
228
273
210
231
228
210
363
321
207
210
210
231
207
231
228
207
237
762
231
231
231
231
228
231
228
231
210
987
228
207
210
228
228
207
273
231
231
1044
210
207
231
210
231
231
207
231
231
849
231
231
207
228
210
231
207
231
231
1011
228
231
231
228
207
207
228
210
231
231
231
228
207
210
264
228
231
228
210
207
318
207
210
231
207
231
243
210
210
228
228
249
240
228
231
228
228
210
231
231
255
207
228
231
231
231
231
210
207
228
645
228
240
207
231
231
231
261
210
210
1014
228
231
231
231
207
228
228
228
228
999
228
207
210
210
228
231
228
231
228
981
228
207
210
231
231
228
231
228
210
945
228
231
228
228
231
228
210
231
210
207
240
324
228
231
231
231
231
231
210
231
531
231
231
210
231
228
228
231
231
228
255
231
207
231
234
231
231
228
231
207
255
210
228
207
210
228
231
231
231
228
402
231
207
231
210
228
231
231
231
207
984
231
231
231
231
231
228
210
228
228
936
231
231
210
231
228
231
234
207
228
894
231
210
231
210
231
228
231
228
231
951
231
261
273
231
228
249
270
231
396
228
270
228
228
267
231
234
231
