444
201
222
222
222
201
201
201
222
222
225
225
222
228
222
201
222
222
201
975
222
222
204
222
222
222
222
222
201
201
201
222
222
222
225
222
222
225
201
222
201
201
201
201
201
222
222
222
201
201
225
225
222
225
222
222
225
201
222
222
201
222
222
222
222
204
201
222
201
225
783
201
201
201
201
225
201
222
204
201
222
222
222
201
204
225
201
225
225
225
222
228
201
222
222
222
201
201
222
201
222
222
222
201
225
222
222
222
201
222
201
201
201
225
201
222
225
222
222
222
204
204
201
222
225
222
222
204
222
222
654
201
201
201
222
222
204
201
201
201
1239
201
201
201
222
228
201
201
228
201
225
225
222
204
222
201
201
204
225
225
204
222
228
222
225
201
222
222
222
222
228
225
222
201
222
225
222
222
510
234
261
222
204
201
222
204
201
201
201
324
225
222
222
210
225
201
201
222
228
225
201
201
201
225
222
201
204
228
201
240
957
201
201
225
252
201
222
225
906
225
225
222
201
204
201
225
222
1047
225
204
225
201
225
201
201
222
222
1077
201
201
201
225
201
222
222
222
222
222
225
231
201
222
201
225
225
222
939
222
222
201
204
225
225
222
222
222
222
222
222
222
222
222
222
222
222
201
222
201
201
201
225
222
222
225
201
222
222
201
222
222
222
222
201
201
222
222
222
237
222
222
222
222
201
225
222
225
222
855
201
201
201
222
222
225
222
225
222
222
201
222
201
222
225
225
222
222
222
222
225
222
225
222
201
222
201
201
222
222
225
222
222
222
201
222
201
201
201
201
201
222
201
222
222
222
201
225
201
225
726
225
222
225
222
225
222
222
222
225
204
222
222
222
222
222
225
225
231
201
741
201
201
201
201
201
201
204
222
204
222
222
201
201
201
201
225
201
222
222
222
201
222
222
225
225
201
204
231
201
225
225
222
222
225
225
222
222
201
789
204
201
222
201
225
201
222
225
201
201
222
222
201
222
222
225
222
222
222
222
201
204
201
222
222
222
204
225
222
222
204
201
225
201
201
222
222
225
222
222
201
222
222
225
201
201
225
225
201
222
786
201
201
222
204
201
225
204
201
222
204
201
225
222
222
225
225
228
222
1047
204
222
201
201
222
225
225
201
222
1239
201
225
225
201
225
225
201
222
222
222
222
222
225
204
222
222
222
222
222
201
222
225
228
222
222
225
201
201
222
222
201
225
204
201
225
222
222
225
222
222
201
225
222
201
222
222
222
222
222
225
786
225
222
204
201
201
222
222
201
222
225
201
204
225
222
222
201
201
225
225
222
225
201
225
222
222
222
222
222
222
201
201
225
222
222
222
225
222
222
222
225
567
222
222
225
201
222
222
222
222
225
201
201
225
225
222
222
222
222
222
225
786
201
201
222
201
201
222
222
225
222
222
201
222
222
222
201
201
204
225
201
222
225
201
222
222
201
201
225
201
201
204
222
222
201
228
201
222
222
222
201
225
225
222
222
204
201
201
222
204
222
225
222
225
201
222
201
222
201
201
222
525
225
201
201
222
222
225
201
201
201
201
225
222
222
222
222
222
222
225
204
858
201
201
201
222
222
225
222
222
222
222
222
222
222
222
222
222
201
222
225
225
225
222
225
222
222
225
204
222
204
222
225
225
207
222
222
201
222
222
222
222
204
225
222
222
201
201
201
225
204
654
222
204
201
222
222
225
222
222
222
999
222
225
222
225
222
201
222
222
201
201
225
225
222
222
225
222
225
222
222
801
222
201
201
204
201
201
201
222
222
222
201
201
201
201
201
225
222
225
225
222
222
222
222
222
222
222
225
201
201
201
207
201
225
201
222
225
201
222
228
204
225
222
225
225
204
201
222
222
225
699
222
222
222
201
201
225
201
201
222
492
222
201
222
201
201
201
225
201
225
201
222
225
222
222
204
201
201
201
225
201
222
222
222
225
201
222
225
201
222
201
225
222
222
222
222
201
225
222
225
222
222
222
222
222
225
225
225
201
225
228
222
201
225
222
222
222
201
222
987
222
222
222
222
225
222
201
201
201
222
225
222
225
222
225
201
204
222
225
201
222
222
222
201
222
222
222
225
204
786
201
201
222
225
201
201
201
201
222
1035
222
201
201
201
201
222
225
222
201
222
222
222
225
222
222
225
222
222
201
222
225
201
201
201
222
201
225
222
201
228
201
201
201
222
225
201
222
222
201
222
225
222
222
201
201
201
222
222
222
222
222
222
225
222
222
222
204
222
225
201
222
222
222
225
201
225
222
204
222
789
225
204
201
222
201
225
225
222
222
222
222
201
201
201
201
222
201
222
222
222
201
201
204
222
222
225
222
201
222
222
222
222
222
222
204
222
225
225
228
954
222
222
201
222
222
222
225
204
222
222
222
201
225
204
222
222
225
222
225
201
222
222
225
225
225
225
201
225
222
876
222
201
222
201
204
222
225
222
222
222
201
201
204
201
222
222
222
222
222
225
222
204
201
222
201
225
201
222
225
222
225
222
201
201
201
201
201
201
225
222
201
225
222
222
225
201
207
225
222
1026
222
222
222
222
222
222
222
222
201
975
225
222
222
201
225
222
201
201
201
225
225
222
222
222
222
222
222
201
225
882
201
201
201
222
201
222
222
201
222
1011
222
201
201
225
222
225
222
201
204
225
222
201
222
222
225
201
222
222
222
201
201
201
222
201
222
225
225
201
204
222
222
201
225
201
222
225
201
222
201
225
1101
201
222
225
201
225
201
222
225
222
1047
222
204
201
201
225
222
225
222
225
1002
222
225
201
204
222
222
222
201
222
222
201
222
204
201
204
222
222
222
225
1029
225
201
201
222
201
225
201
201
201
222
222
222
201
225
222
222
225
222
204
228
201
201
225
222
201
225
222
222
231
285
228
228
240
231
231
318
237
222
342
231
285
282
234
312
267
255
237
237
300
297
231
234
264
231
240
231
231
822
246
228
228
630
231
756
228
255
309
231
261
294
234
222
279
246
261
267
231
228
270
231
237
237
366
210
243
210
210
267
213
210
210
210
240
717
378
240
234
267
240
237
29367
228
228
231
228
240
231
231
231
231
231
228
231
231
231
228
228
231
231
228
285
234
231
231
285
354
267
231
231
231
870
231
246
231
228
231
231
222
225
237
225
222
222
201
225
204
264
249
216
201
201
222
201
204
198
204
198
225
252
222
204
249
225
258
198
222
201
234
201
201
906
219
234
240
201
225
225
201
201
204
201
222
222
231
222
204
201
222
201
222
939
222
222
201
204
222
219
222
201
222
939
222
222
222
201
225
222
201
222
204
222
222
201
219
201
198
222
222
225
222
204
222
225
225
204
258
222
222
222
204
843
198
201
225
222
201
201
204
222
228
1236
201
201
201
204
201
201
201
204
222
222
201
222
222
201
204
204
228
222
222
225
204
231
222
225
201
222
222
201
222
201
741
201
219
204
204
198
222
222
201
201
201
222
204
222
222
222
201
222
201
222
204
222
225
222
225
222
222
222
222
222
204
225
216
222
219
222
222
225
225
309
852
201
222
222
201
201
222
225
252
201
225
222
225
228
222
204
222
225
225
225
225
222
222
222
225
222
222
222
204
204
222
225
228
204
222
204
222
222
222
201
204
201
201
204
222
225
222
222
225
222
222
789
204
201
222
201
198
198
201
222
222
225
222
225
222
201
201
222
222
222
225
225
252
219
222
222
201
201
198
255
222
222
222
222
219
222
201
222
243
222
207
204
222
222
222
198
222
204
222
222
222
225
204
249
222
219
267
225
222
222
222
222
885
201
201
204
225
204
204
222
204
198
204
204
201
201
201
222
222
222
201
222
222
222
222
204
222
204
222
222
222
246
204
213
201
204
222
204
234
204
201
225
222
204
201
198
222
225
222
201
222
201
201
774
222
201
201
204
222
201
222
222
222
201
222
219
222
225
204
222
222
204
222
225
222
222
255
222
225
222
222
201
225
222
222
225
222
222
204
201
222
222
222
204
204
222
222
222
219
222
219
267
204
201
801
204
222
222
222
222
204
201
204
201
789
201
201
222
252
222
225
204
222
198
1032
204
201
201
225
201
201
201
225
225
222
222
201
225
222
201
201
204
222
201
222
201
201
222
201
204
204
204
222
222
252
222
225
297
201
255
201
201
204
204
204
204
225
222
222
219
225
201
222
201
225
204
201
225
225
222
222
222
225
222
237
219
222
222
225
201
201
204
204
222
222
222
201
201
222
201
225
222
222
222
210
225
201
225
270
207
219
222
363
222
222
222
201
222
222
201
222
204
225
204
222
285
261
237
237
237
336
243
240
237
270
243
237
210
225
237
210
237
390
258
270
243
354
237
282
240
276
309
273
234
237
234
210
237
237
240
237
333
309
249
264
276
237
237
237
237
237
237
342
240
837
240
297
240
237
210
213
237
240
237
237
267
243
234
309
312
279
240
240
336
237
237
270
270
261
237
210
267
267
237
237
270
237
237
246
237
267
237
258
861
303
237
210
279
237
237
252
240
306
369
273
234
240
237
240
792
210
264
267
237
420
240
237
270
294
