327
213
189
213
192
213
216
213
192
192
195
195
192
219
192
213
189
195
213
213
213
213
213
195
192
192
192
189
213
210
213
195
192
213
210
192
210
216
216
213
210
213
213
216
213
192
189
192
213
213
216
192
213
213
213
213
213
213
192
192
465
189
192
192
192
213
213
189
213
213
213
213
213
213
213
192
213
213
213
213
192
213
189
216
213
192
213
192
189
213
216
219
210
192
192
192
216
213
213
210
195
192
210
213
213
213
192
192
213
192
213
210
213
210
213
213
216
189
192
213
192
213
213
210
213
192
213
210
192
213
213
213
213
213
192
192
192
210
213
213
192
213
213
213
189
216
213
216
219
213
195
189
213
210
192
213
213
213
192
213
213
195
213
189
192
213
192
192
534
213
198
189
210
210
192
195
192
189
678
213
210
213
216
225
210
213
213
309
213
219
192
192
192
243
192
213
243
210
243
192
192
213
216
192
213
213
213
282
189
192
192
213
213
192
213
213
228
213
765
213
213
195
213
216
213
192
213
210
213
213
192
213
210
213
213
192
189
213
213
216
213
192
213
192
192
192
210
213
213
219
216
192
213
192
213
189
213
213
192
213
213
195
192
192
213
213
213
192
192
195
213
192
213
192
192
213
210
213
213
213
210
213
189
192
210
192
213
210
216
189
189
195
216
213
192
192
210
213
213
195
210
192
213
216
192
210
216
192
213
210
213
213
210
192
192
216
213
192
213
192
213
210
192
192
192
192
192
192
213
192
189
192
210
213
213
213
192
192
189
192
210
192
213
192
192
213
213
213
591
192
213
192
195
192
213
192
213
216
1041
192
213
192
192
189
189
192
189
195
654
213
192
189
192
192
216
192
210
213
189
210
213
210
213
213
213
213
192
213
192
192
213
213
213
216
216
210
192
192
189
213
192
192
192
192
213
213
219
996
192
192
210
192
213
195
192
192
213
213
210
213
213
213
216
213
192
216
213
213
210
192
210
210
195
216
192
216
192
195
213
213
213
192
192
192
213
192
192
192
213
210
195
213
216
192
192
213
192
210
633
192
192
213
213
213
195
192
210
192
213
213
210
213
210
210
189
216
213
192
213
210
192
192
213
213
192
201
246
210
213
192
210
213
192
216
192
213
189
195
210
195
192
210
192
192
192
195
192
213
213
213
216
210
210
192
189
192
213
210
192
213
192
192
192
213
213
213
192
192
210
195
213
216
195
192
213
213
192
192
633
192
192
213
192
213
213
192
192
192
210
216
195
210
213
213
213
216
213
192
192
213
216
192
189
192
213
213
192
189
192
210
213
213
192
192
192
195
192
192
210
213
192
210
213
213
192
192
189
192
195
588
213
213
216
210
213
195
213
192
216
762
195
192
192
189
192
192
189
213
216
213
210
210
216
210
213
195
195
195
192
195
213
189
192
192
213
213
213
192
210
192
216
210
192
213
213
213
195
213
213
213
192
192
210
198
213
213
213
192
213
192
195
192
213
210
210
213
216
213
192
192
189
213
210
192
216
192
213
210
213
705
213
210
213
192
189
192
213
213
213
762
189
192
192
189
192
192
192
192
213
192
213
213
213
192
189
192
213
192
192
192
192
192
192
192
192
213
210
189
195
192
192
192
192
192
192
213
213
192
213
213
192
192
198
192
192
210
210
189
192
192
213
192
213
192
213
216
213
213
213
579
192
213
213
189
192
192
189
192
192
210
189
192
192
192
192
213
210
213
210
765
192
216
213
192
192
192
192
192
192
210
213
210
213
213
213
213
213
192
189
213
213
213
213
213
213
216
189
216
213
192
195
192
192
213
192
189
213
213
213
210
219
213
192
213
192
216
213
192
213
213
213
192
213
216
213
216
213
189
192
504
213
189
213
213
213
192
210
213
192
723
213
213
192
210
213
213
195
213
192
741
189
192
213
192
210
213
213
192
192
1065
192
213
189
192
213
192
192
216
192
1053
195
192
192
192
189
210
192
192
192
1206
192
192
213
192
216
213
213
213
195
222
189
213
195
192
192
192
216
195
381
192
192
192
192
192
216
213
210
213
189
216
195
213
192
192
210
216
192
192
876
192
192
189
213
192
192
192
195
216
213
213
216
213
216
210
213
213
213
213
213
216
213
213
213
213
210
213
192
216
192
195
192
195
192
192
195
192
210
213
189
189
213
216
192
192
213
195
216
213
198
210
210
213
210
213
213
195
213
210
192
195
192
192
213
213
213
192
192
192
192
213
213
195
195
189
192
213
192
216
711
192
189
195
195
210
192
213
192
192
213
213
213
210
192
213
192
192
192
192
192
192
213
210
213
213
195
210
210
213
216
213
213
210
213
213
192
213
216
213
192
192
192
192
192
213
192
192
192
219
213
192
192
213
213
192
189
195
213
192
216
213
210
192
213
192
192
216
192
192
516
192
192
192
192
216
213
213
195
189
192
216
210
192
213
213
192
216
213
213
192
213
216
213
213
192
189
213
192
192
192
189
213
213
213
216
192
213
213
210
189
189
192
210
216
192
213
213
213
195
192
633
216
192
210
210
213
219
192
192
192
195
192
192
210
213
192
192
243
213
192
195
213
213
213
210
189
210
210
213
192
213
213
216
243
210
192
213
213
213
192
213
213
210
192
216
192
192
213
213
192
213
192
210
189
213
213
213
213
213
210
195
213
189
213
216
213
189
192
192
213
213
210
210
213
213
213
213
213
213
216
213
213
210
213
213
189
210
195
210
192
189
213
192
189
213
216
213
192
192
213
213
222
213
210
213
195
189
216
213
210
192
216
213
210
210
210
192
213
213
213
192
213
192
213
213
213
192
192
189
192
213
213
213
213
213
213
216
213
213
213
213
210
192
210
210
213
189
192
192
210
222
213
210
216
192
903
192
216
192
219
261
222
261
216
219
225
228
219
264
228
225
216
231
360
456
243
249
228
324
231
237
270
249
258
261
225
363
615
336
231
228
225
219
228
324
225
228
228
267
327
231
264
219
225
237
225
234
225
225
222
357
246
219
225
261
231
207
204
231
204
231
231
231
234
201
243
237
231
264
231
249
207
270
225
231
222
219
222
228
222
216
216
225
216
222
225
225
225
222
225
225
231
225
222
225
216
342
225
264
225
237
222
225
225
222
228
225
216
225
192
222
195
279
192
243
264
213
216
192
210
216
219
192
210
219
216
213
270
213
216
255
291
237
243
249
216
195
210
216
210
222
261
192
216
213
213
192
216
213
213
216
210
213
192
192
210
213
213
192
216
216
192
192
189
213
213
192
192
192
213
210
216
216
192
192
213
216
327
213
192
213
798
195
216
195
216
213
213
192
195
192
540
192
192
192
192
189
192
189
192
213
195
213
213
192
192
210
213
216
189
198
192
210
213
216
216
216
213
213
216
189
192
210
216
213
213
216
216
192
192
195
195
549
315
195
201
216
192
195
213
246
213
219
195
192
213
219
192
222
192
213
213
732
195
213
192
189
192
216
216
210
213
780
192
189
192
213
192
192
195
189
192
1098
192
246
192
195
195
192
192
195
249
192
213
189
192
213
213
234
189
225
210
195
192
192
192
192
249
192
192
192
192
213
192
192
216
195
192
192
213
216
213
195
192
213
213
192
213
192
192
216
213
213
717
216
210
192
216
192
201
192
192
195
216
213
213
195
216
216
216
213
192
192
192
192
198
210
210
213
216
213
192
195
192
192
216
189
195
213
213
213
246
213
216
192
192
216
213
216
192
192
192
213
216
192
192
189
264
192
213
192
192
192
192
1101
291
192
216
213
192
195
216
195
192
192
216
216
213
192
216
213
213
213
192
216
246
213
216
210
216
240
192
255
189
192
192
192
210
213
213
189
192
192
195
213
210
213
213
192
213
213
213
213
192
192
639
213
222
195
195
192
213
195
243
213
213
192
213
213
213
192
213
216
192
195
213
192
192
192
195
216
189
192
213
195
192
210
213
246
192
192
192
189
213
195
192
195
195
192
192
213
213
192
192
192
213
630
192
213
192
192
192
216
210
216
213
216
1011
189
195
195
216
213
216
213
213
210
216
213
192
258
210
243
213
195
210
216
213
213
216
213
210
216
216
192
192
192
192
213
198
210
213
213
213
192
213
213
210
213
192
210
216
213
213
192
192
198
213
192
213
216
195
213
213
213
213
210
672
195
192
189
192
195
192
213
210
195
1092
213
192
192
201
189
195
213
192
192
1041
195
195
192
213
210
216
213
192
213
213
216
213
216
213
216
213
213
195
216
192
1008
192
216
261
219
189
213
192
213
192
216
213
195
192
213
216
192
213
192
360
204
234
297
204
204
204
270
285
261
231
360
234
234
234
237
255
231
252
231
288
264
264
234
426
261
249
261
264
231
261
204
330
375
240
264
249
228
267
564
243
234
228
273
327
327
321
240
699
234
204
204
204
204
261
243
243
231
234
234
270
357
741
261
204
204
861
270
231
243
243
210
264
246
234
231
327
231
1170
231
264
246
231
243
249
264
231
246
726
234
204
246
246
231
231
207
279
375
234
261
234
279
261
261
237
231
234
261
264
204
207
231
267
384
